P = 1000
r = 0.1
n = 1
t = 2
fal = 1.1*1.1
debt = P * fal